Cost of MST is 99.0 and below are the list of branches

  Branch              Cost


 00 --- 01              1.0

 00 --- 10              1.0

 00 --- 11              1.0

 01 --- 02              1.0

 01 --- 12              1.0

 10 --- 20              1.0

 10 --- 21              1.0

 11 --- 22              1.0

 12 --- 23              1.0

 02 --- 13              1.0

 02 --- 03              1.0

 13 --- 04              1.0

 23 --- 34              1.0

 23 --- 14              1.0

 34 --- 35              1.0

 34 --- 45              1.0

 35 --- 36              1.0

 04 --- 15              1.0

 36 --- 37              1.0

 20 --- 30              1.0

 15 --- 06              1.0

 30 --- 40              1.0

 23 --- 24              1.0

 30 --- 41              1.0

 04 --- 05              1.0

 34 --- 44              1.0

 35 --- 46              1.0

 41 --- 42              1.0

 34 --- 43              1.0

 34 --- 25              1.0

 37 --- 48              1.0

 35 --- 26              1.0

 36 --- 27              1.0

 36 --- 47              1.0

 37 --- 28              1.0

 15 --- 16              1.0

 06 --- 17              1.0

 28 --- 29              1.0

 17 --- 08              1.0

 29 --- 110              1.0

 37 --- 38              1.0

 48 --- 49              1.0

 48 --- 39              1.0

 29 --- 310              1.0

 110 --- 111              1.0

 08 --- 09              1.0

 310 --- 411              1.0

 110 --- 011              1.0

 49 --- 410              1.0

 110 --- 010              1.0

 310 --- 311              1.0

 411 --- 412              1.0

 20 --- 31              1.0

 29 --- 210              1.0

 110 --- 211              1.0

 111 --- 012              1.0

 111 --- 112              1.0

 012 --- 113              1.0

 411 --- 312              1.0

 412 --- 313              1.0

 113 --- 114              1.0

 412 --- 413              1.0

 012 --- 013              1.0

 114 --- 215              1.0

 114 --- 015              1.0

 313 --- 314              1.0

 215 --- 216              1.0

 215 --- 315              1.0

 114 --- 115              1.0

 22 --- 33              1.0

 06 --- 07              1.0

 315 --- 416              1.0

 113 --- 014              1.0

 113 --- 214              1.0

 215 --- 116              1.0

 216 --- 317              1.0

 216 --- 217              1.0

 314 --- 415              1.0

 215 --- 316              1.0

 217 --- 118              1.0

 416 --- 417              1.0

 317 --- 418              1.0

 317 --- 218              1.0

 118 --- 119              1.0

 118 --- 019              1.0

 21 --- 32              1.0

 28 --- 19              1.0

 112 --- 213              1.0

 015 --- 016              1.0

 216 --- 117              1.0

 418 --- 419              1.0

 118 --- 018              1.0

 118 --- 219              1.0

 27 --- 18              1.0

 313 --- 414              1.0

 317 --- 318              1.0

 418 --- 319              1.0

 111 --- 212              1.0

 116 --- 017              1.0
